1.082417343125000042e-01
2.670987803550000095e-01
4.282417343125000109e-01
5.870987803550000717e-01
7.482417343125000730e-01
9.070987803550000228e-01
1.068241734312499913e+00
1.227098780354999974e+00
1.388241734312499975e+00
1.547098780355000036e+00
1.708241734312500038e+00
1.867098780355000098e+00
2.028241734312500100e+00
2.187098780355000383e+00
2.348241734312500384e+00
2.507098780355000667e+00
2.668241734312500668e+00
2.827098780355000951e+00
2.988241734312500952e+00
3.147098780355001235e+00
3.308241734312501237e+00
3.467098780355001519e+00
3.628241734312501521e+00
3.787098780355001804e+00
3.948241734312501805e+00
4.107098780355001644e+00
4.268241734312502089e+00
4.427098780355001928e+00
4.588241734312502373e+00
4.747098780355002212e+00
4.908241734312502658e+00
5.067098780355002496e+00
5.228241734312502942e+00
5.387098780355002781e+00
5.548241734312503226e+00
5.707098780355003065e+00
5.868241734312503510e+00
6.027098780355003349e+00
6.188241734312503795e+00
6.347098780355003633e+00
6.508241734312504079e+00
6.667098780355003917e+00
6.828241734312504363e+00
6.987098780355004202e+00
7.148241734312504647e+00
7.307098780355004486e+00
7.468241734312504931e+00
7.627098780355004770e+00
7.788241734312505216e+00
7.947098780355005054e+00
8.108241734312505500e+00
8.267098780355004450e+00
8.428241734312504008e+00
8.587098780355002958e+00
8.748241734312502516e+00
8.907098780355001466e+00
9.068241734312501023e+00
9.227098780354999974e+00
9.388241734312499531e+00
9.547098780354998482e+00
9.708241734312498039e+00
9.867098780354996990e+00
1.002824173431249655e+01
1.018709878035499550e+01
1.034824173431249505e+01
1.050709878035499401e+01
1.066824173431249356e+01
1.082709878035499251e+01
1.098824173431249207e+01
1.114709878035499102e+01
1.130824173431249058e+01
1.146709878035498953e+01
