4.632001789963504507e-02
-4.643190886196720685e-02
4.632001789963504507e-02
-4.643190886196720685e-02
4.632001789963504507e-02
-4.643190886196720685e-02
4.632001789963504507e-02
-4.643190886196720685e-02
4.632001789963504507e-02
-4.643190886196720685e-02
4.632001789963504507e-02
-4.643190886196720685e-02
4.632001789963504507e-02
-4.643190886196720685e-02
4.632001789963504507e-02
-4.643190886196720685e-02
4.632001789963504507e-02
-4.643190886196720685e-02
4.632001789963504507e-02
-4.643190886196720685e-02
4.632001789963504507e-02
-4.643190886196720685e-02
4.632001789963504507e-02
-4.643190886196720685e-02
4.632001789963504507e-02
-4.643190886196720685e-02
4.632001789963504507e-02
-4.643190886196720685e-02
4.632001789963504507e-02
-4.643190886196720685e-02
4.632001789963504507e-02
-4.643190886196720685e-02
4.632001789963504507e-02
-4.643190886196720685e-02
4.632001789963504507e-02
-4.643190886196720685e-02
4.632001789963504507e-02
-4.643190886196720685e-02
4.632001789963504507e-02
-4.643190886196720685e-02
4.632001789963504507e-02
-4.643190886196720685e-02
4.632001789963504507e-02
-4.643190886196720685e-02
4.632001789963504507e-02
-4.643190886196720685e-02
4.632001789963504507e-02
-4.643190886196720685e-02
4.632001789963504507e-02
-4.643190886196720685e-02
4.632001789963504507e-02
-4.643190886196720685e-02
4.632001789963504507e-02
-4.643190886196720685e-02
4.632001789963504507e-02
-4.643190886196720685e-02
4.632001789963504507e-02
-4.643190886196720685e-02
4.632001789963504507e-02
-4.643190886196720685e-02
4.632001789963504507e-02
-4.643190886196720685e-02
4.632001789963504507e-02
-4.643190886196720685e-02
4.632001789963504507e-02
-4.643190886196720685e-02
4.632001789963504507e-02
-4.643190886196720685e-02
4.632001789963504507e-02
-4.643190886196720685e-02
4.632001789963504507e-02
-4.643190886196720685e-02
